511
3208
1 186
1 308
1 318
1 321
1 401
1 429
1 450
2 370
2 449
3 167
4 180
4 212
4 215
4 257
4 265
4 283
4 285
4 292
4 312
4 421
4 470
5 168
5 249
5 359
5 479
5 498
6 10
6 21
6 80
6 258
6 283
6 378
6 409
6 440
6 462
8 31
8 41
8 69
8 78
8 165
8 271
8 282
8 284
8 297
8 305
8 337
8 411
8 454
8 470
8 495
9 163
9 213
9 482
10 6
10 17
10 21
10 26
10 44
10 78
10 86
10 115
10 128
10 140
10 142
10 148
10 165
10 173
10 177
10 178
10 180
10 183
10 215
10 229
10 245
10 249
10 254
10 261
10 265
10 274
10 283
10 287
10 290
10 301
10 315
10 325
10 326
10 336
10 341
10 355
10 378
10 388
10 389
10 394
10 440
10 457
10 459
10 462
10 469
10 470
10 475
10 479
10 498
10 502
10 504
11 84
11 147
11 329
11 350
11 385
11 419
11 423
11 424
12 438
13 76
13 379
15 16
15 58
15 213
15 353
15 449
16 15
16 58
16 227
17 10
17 158
17 249
17 250
17 341
17 353
17 409
18 229
18 385
18 392
20 80
20 107
20 341
21 6
21 10
21 62
21 78
21 107
21 140
21 159
21 165
21 258
21 287
21 300
21 319
21 326
21 342
21 349
21 363
21 378
21 415
21 416
21 430
21 431
21 438
21 440
21 457
21 462
21 500
22 365
23 155
23 352
23 413
24 105
24 355
24 363
24 389
24 399
24 462
24 468
25 247
26 10
27 76
27 109
27 209
27 355
27 362
27 414
27 449
27 487
27 494
28 152
28 180
28 208
28 257
28 272
28 300
28 421
28 465
29 51
29 361
29 456
29 499
30 32
30 134
31 8
31 69
31 187
31 282
31 284
32 30
32 134
34 38
34 106
34 210
34 274
34 290
34 389
35 132
35 139
35 215
36 163
36 206
36 216
36 432
36 479
37 274
37 401
37 408
38 34
38 187
38 210
38 421
38 465
38 497
39 52
39 414
40 129
41 8
41 69
41 337
42 51
42 56
42 235
42 247
42 354
42 368
43 94
44 10
44 67
44 78
44 82
44 97
44 128
44 165
44 176
44 187
44 199
44 201
44 211
44 229
44 231
44 254
44 261
44 265
44 287
44 290
44 307
44 308
44 312
44 326
44 344
44 382
44 384
44 398
44 401
44 403
44 430
44 440
44 449
44 462
44 470
44 498
44 502
44 504
45 64
45 352
46 80
46 123
46 127
46 201
46 202
46 287
46 430
46 442
46 470
46 479
47 421
48 77
48 139
48 211
49 326
49 380
50 332
50 499
51 29
51 42
51 55
51 304
51 456
51 499
52 39
52 317
52 320
52 336
52 414
52 494
53 179
53 389
53 471
54 78
54 141
54 165
54 201
54 378
55 51
55 187
55 318
55 430
55 438
55 478
56 42
56 354
57 396
57 472
58 15
58 16
58 115
58 128
58 140
58 164
58 165
58 171
58 177
58 187
58 227
58 281
58 287
58 326
58 378
58 384
58 403
58 438
58 440
60 339
60 361
60 491
61 62
61 63
61 167
61 307
61 474
62 21
62 61
62 97
62 107
62 113
62 136
62 140
62 326
62 336
62 342
62 374
62 431
62 485
62 504
63 61
63 307
63 355
63 374
63 377
63 504
64 45
64 352
65 152
66 210
66 383
67 44
67 211
67 344
68 379
69 8
69 31
69 41
69 78
69 158
69 164
69 165
69 187
69 197
69 203
69 211
69 227
69 267
69 268
69 275
69 282
69 305
69 337
69 344
69 351
69 384
69 410
69 411
69 454
69 501
69 504
70 80
70 97
70 214
70 231
71 128
71 164
71 177
71 195
71 227
71 273
71 275
71 339
71 384
71 403
71 426
71 442
71 498
72 158
72 305
72 411
73 336
74 78
74 165
74 187
74 197
75 258
75 325
75 462
76 13
76 27
76 95
76 174
76 325
76 365
76 405
76 449
77 48
77 424
78 8
78 10
78 21
78 44
78 54
78 69
78 74
78 108
78 126
78 134
78 140
78 148
78 158
78 165
78 177
78 213
78 249
78 336
78 337
78 362
78 394
78 440
78 462
78 469
78 475
78 479
78 480
78 485
78 500
78 502
78 505
79 131
79 147
79 220
79 235
79 354
79 433
80 6
80 20
80 46
80 70
80 96
80 165
80 186
80 187
80 198
80 201
80 212
80 258
80 287
80 326
80 378
80 411
80 462
80 470
80 475
81 86
82 44
82 123
82 305
82 308
82 318
82 452
82 459
82 479
82 504
84 11
84 118
84 262
84 385
85 325
86 10
86 81
86 99
86 113
86 307
86 322
86 349
86 378
86 380
86 432
86 446
86 502
86 504
87 89
87 175
87 176
87 336
88 187
89 87
89 175
89 176
90 169
90 258
90 371
90 492
91 258
91 287
92 143
92 180
92 370
93 235
94 43
94 354
95 76
95 200
95 279
95 293
95 379
95 405
96 80
96 187
96 379
96 467
97 44
97 62
97 70
97 140
97 249
97 287
97 422
97 498
98 461
98 485
99 86
99 136
99 148
99 159
99 361
99 459
99 504
100 150
100 224
100 240
100 289
100 468
101 211
102 169
102 371
103 331
104 187
104 476
105 24
105 142
105 167
105 309
105 355
105 399
105 438
105 468
106 34
106 165
106 173
106 210
106 261
106 274
106 310
106 383
106 391
106 430
106 438
107 20
107 21
107 62
107 140
107 322
107 431
108 78
108 165
108 229
109 27
109 316
109 355
109 385
109 482
110 410
110 470
111 331
113 62
113 86
113 148
113 272
115 10
115 58
115 137
115 187
115 274
115 349
115 378
115 502
116 185
116 237
116 379
116 467
117 119
117 414
118 84
118 147
118 458
119 117
119 139
119 176
119 214
119 270
119 414
119 434
120 401
121 180
121 257
121 325
121 389
122 390
122 399
123 46
123 82
123 158
123 165
123 191
123 203
123 249
123 305
123 308
123 318
123 362
123 429
123 452
123 454
123 459
123 479
126 78
126 127
126 160
126 232
126 245
126 272
126 429
127 46
127 126
127 212
127 369
127 442
127 481
128 10
128 44
128 58
128 71
128 148
128 158
128 164
128 177
128 178
128 187
128 227
128 228
128 261
128 275
128 290
128 307
128 339
128 341
128 346
128 369
128 384
128 388
128 403
128 410
128 426
128 430
128 438
128 440
128 442
128 479
129 40
129 295
129 401
131 79
131 354
132 35
132 139
132 215
132 249
133 379
134 30
134 32
134 78
134 140
134 148
134 165
134 336
134 440
134 469
134 475
134 502
135 180
135 300
136 62
136 99
136 261
136 326
136 479
136 498
137 115
137 349
137 438
137 500
139 35
139 48
139 119
139 132
139 154
139 163
139 187
139 215
139 285
139 326
139 438
139 449
140 10
140 21
140 58
140 62
140 78
140 97
140 107
140 134
140 148
140 165
140 249
140 281
140 287
140 336
140 341
140 378
140 389
140 394
140 431
140 438
140 459
140 500
141 54
142 10
142 105
142 206
142 389
142 408
142 438
143 92
143 329
143 368
143 420
143 455
143 489
144 199
144 342
145 180
145 312
145 342
145 438
145 453
147 11
147 79
147 118
147 291
147 354
147 385
148 10
148 78
148 99
148 113
148 128
148 134
148 140
148 164
148 165
148 173
148 177
148 180
148 215
148 216
148 249
148 257
148 258
148 261
148 272
148 283
148 285
148 287
148 336
148 341
148 372
148 378
148 383
148 385
148 388
148 389
148 416
148 430
148 438
148 475
148 479
148 498
149 255
150 100
150 222
150 240
150 370
150 463
151 479
151 488
152 28
152 65
152 180
152 257
152 272
152 292
152 312
152 364
152 421
153 177
153 300
154 139
154 372
155 23
155 204
156 203
156 264
156 326
156 344
156 448
156 470
156 479
157 511
158 17
158 69
158 72
158 78
158 123
158 128
158 183
158 195
158 197
158 203
158 249
158 250
158 267
158 268
158 273
158 305
158 337
158 341
158 351
158 409
158 454
159 21
159 99
159 214
159 263
159 307
159 326
159 346
160 126
160 341
160 440
162 356
163 9
163 36
163 139
163 385
163 449
164 58
164 69
164 71
164 128
164 148
164 173
164 177
164 227
164 261
164 267
164 268
164 275
164 282
164 290
164 378
164 384
164 403
164 498
165 8
165 10
165 21
165 44
165 54
165 58
165 69
165 74
165 78
165 80
165 106
165 108
165 123
165 134
165 140
165 148
165 187
165 201
165 212
165 213
165 249
165 281
165 287
165 290
165 317
165 326
165 336
165 337
165 378
165 383
165 389
165 394
165 429
165 430
165 438
165 440
165 449
165 462
165 466
165 480
165 485
165 500
165 502
165 505
166 224
166 256
166 355
166 482
167 3
167 61
167 105
167 209
167 294
167 322
167 355
167 414
167 417
167 441
167 487
168 5
169 90
169 102
169 371
170 184
171 58
171 247
172 476
173 10
173 106
173 148
173 164
173 210
173 261
173 310
173 315
173 378
173 401
174 76
174 244
175 87
175 89
175 176
176 44
176 87
176 89
176 119
176 175
176 185
176 187
176 270
176 312
176 318
176 401
176 402
176 414
177 10
177 58
177 71
177 78
177 128
177 148
177 153
177 164
177 227
177 228
177 249
177 254
177 258
177 264
177 275
177 290
177 326
177 339
177 363
177 378
177 384
177 388
177 400
177 403
177 462
177 475
177 479
177 498
177 508
178 10
178 128
178 261
178 275
178 290
178 312
178 341
178 383
178 403
178 430
178 479
179 53
179 246
179 287
179 345
179 399
179 405
179 425
179 445
179 471
180 4
180 10
180 28
180 92
180 121
180 135
180 145
180 148
180 152
180 183
180 257
180 272
180 287
180 300
180 312
180 318
180 341
180 356
180 364
180 378
180 383
180 401
180 416
180 421
180 430
180 438
180 453
180 457
180 462
180 479
181 316
181 476
182 468
182 492
183 10
183 158
183 180
183 249
183 261
183 351
183 496
184 170
185 116
185 176
185 327
185 401
185 408
185 438
185 500
186 1
186 80
186 318
186 401
187 31
187 38
187 44
187 55
187 58
187 69
187 74
187 80
187 88
187 96
187 104
187 115
187 128
187 139
187 165
187 176
187 194
187 197
187 201
187 219
187 227
187 236
187 248
187 267
187 268
187 282
187 313
187 318
187 321
187 326
187 337
187 344
187 359
187 377
187 378
187 410
187 411
187 442
187 454
187 470
187 475
187 478
187 479
187 504
188 341
188 389
189 450
190 197
190 273
191 123
192 405
192 463
194 187
195 71
195 158
195 197
195 203
195 273
195 384
195 454
196 236
196 242
197 69
197 74
197 158
197 187
197 190
197 195
197 203
197 227
197 273
197 359
197 377
197 496
198 80
198 201
199 44
199 144
199 231
199 367
199 399
200 95
200 404
201 44
201 46
201 54
201 80
201 165
201 187
201 198
201 261
201 326
201 380
201 382
201 466
201 479
201 502
202 46
202 214
202 307
203 69
203 123
203 156
203 158
203 195
203 197
203 268
203 273
203 337
203 454
203 479
204 155
205 352
206 36
206 142
206 408
207 333
207 341
207 444
208 28
209 27
209 167
209 294
209 336
209 360
209 362
209 372
209 468
210 34
210 38
210 66
210 106
210 173
210 274
210 290
210 383
211 44
211 48
211 67
211 69
211 101
211 347
212 4
212 80
212 127
212 165
212 449
213 9
213 15
213 78
213 165
213 449
214 70
214 119
214 159
214 202
214 307
214 470
214 504
215 4
215 10
215 35
215 132
215 139
215 148
215 249
215 265
215 283
216 36
216 148
216 380
216 382
216 401
216 432
216 475
216 479
217 233
217 259
219 187
219 249
219 290
219 334
220 79
221 407
221 413
222 150
222 240
224 100
224 166
224 355
224 365
224 468
226 302
227 16
227 58
227 69
227 71
227 128
227 164
227 177
227 187
227 197
227 267
227 268
227 275
227 337
227 339
227 384
227 403
227 426
227 479
227 496
227 498
228 128
228 177
228 290
228 403
229 10
229 18
229 44
229 108
229 290
229 440
229 504
231 44
231 70
231 199
232 126
233 217
233 234
233 253
233 259
233 407
233 455
233 459
234 233
235 42
235 79
235 93
235 354
235 458
235 484
235 503
236 187
236 196
236 411
237 116
237 340
237 467
238 307
238 354
240 100
240 150
240 222
240 450
241 449
242 196
242 344
242 377
243 379
244 174
245 10
245 126
245 261
245 286
245 312
245 378
245 400
245 415
245 462
245 475
245 479
245 502
246 179
246 355
246 399
246 405
247 25
247 42
247 171
247 308
247 329
247 384
247 450
247 485
248 187
248 249
248 283
248 319
249 5
249 10
249 17
249 78
249 97
249 123
249 132
249 140
249 148
249 158
249 165
249 177
249 183
249 215
249 219
249 248
249 250
249 280
249 312
249 341
249 351
249 355
249 383
249 394
249 409
249 440
249 459
249 470
249 498
250 17
250 158
250 249
250 341
250 409
251 329
252 364
253 233
254 10
254 44
254 177
254 290
254 301
254 378
254 403
254 430
254 462
254 469
255 149
255 293
256 166
256 449
257 4
257 28
257 121
257 148
257 152
257 180
257 312
257 341
257 378
257 416
257 421
257 473
258 6
258 21
258 75
258 80
258 90
258 91
258 148
258 177
258 336
258 341
258 371
258 378
258 399
258 400
258 430
258 440
258 462
259 217
259 233
260 319
260 427
260 507
261 10
261 44
261 106
261 128
261 136
261 148
261 164
261 173
261 178
261 183
261 201
261 245
261 290
261 310
261 326
261 341
261 363
261 378
261 391
261 403
261 469
261 475
261 479
261 498
261 502
262 84
262 438
262 476
263 159
263 346
264 156
264 177
264 275
264 479
265 4
265 10
265 44
265 215
265 440
265 457
265 469
265 504
266 455
267 69
267 158
267 164
267 187
267 227
267 268
267 275
267 337
267 411
267 498
268 69
268 158
268 164
268 187
268 203
268 227
268 267
268 275
268 337
268 498
269 302
269 387
270 119
270 176
270 355
270 414
271 8
271 282
271 284
271 495
272 28
272 113
272 126
272 148
272 152
272 180
273 71
273 158
273 190
273 195
273 197
273 203
273 359
274 10
274 34
274 37
274 106
274 115
274 210
274 290
274 349
274 378
275 69
275 71
275 128
275 164
275 177
275 178
275 227
275 264
275 267
275 268
275 326
275 337
275 378
275 403
275 426
275 479
275 498
277 371
278 290
278 367
278 389
278 397
278 399
279 95
280 249
281 58
281 140
281 165
282 8
282 31
282 69
282 164
282 187
282 271
282 284
282 410
282 454
282 495
283 4
283 6
283 10
283 148
283 215
283 248
283 287
283 319
283 347
283 383
283 394
283 438
284 8
284 31
284 271
284 282
284 305
284 411
284 495
285 4
285 139
285 148
285 326
285 438
286 245
287 10
287 21
287 44
287 46
287 58
287 80
287 91
287 97
287 140
287 148
287 165
287 179
287 180
287 283
287 326
287 341
287 363
287 394
287 399
287 416
287 429
287 430
287 438
287 440
287 449
287 457
287 469
287 475
287 490
287 502
288 487
289 100
289 355
289 425
290 10
290 34
290 44
290 128
290 164
290 165
290 177
290 178
290 210
290 219
290 228
290 229
290 254
290 261
290 274
290 278
290 326
290 343
290 363
290 378
290 421
290 430
290 440
290 462
291 147
292 4
292 152
292 421
293 95
293 255
293 461
294 167
294 209
294 355
294 399
294 468
295 129
295 341
295 440
295 492
296 421
297 8
297 411
297 454
297 470
298 414
298 460
300 21
300 28
300 135
300 153
300 180
300 364
300 473
301 10
301 254
301 355
301 378
301 399
302 226
302 269
302 358
302 447
302 480
303 436
304 51
305 8
305 69
305 72
305 82
305 123
305 158
305 284
305 459
306 336
306 372
306 386
306 466
307 44
307 61
307 63
307 86
307 128
307 159
307 202
307 214
307 238
307 336
307 344
307 374
307 377
307 432
307 470
307 504
308 1
308 44
308 82
308 123
308 247
308 318
308 321
308 402
308 420
308 438
308 459
308 473
308 476
309 105
310 106
310 173
310 261
312 4
312 44
312 145
312 152
312 176
312 178
312 180
312 245
312 249
312 257
312 364
312 401
312 408
312 421
312 462
313 187
314 364
315 10
315 173
315 377
315 504
316 109
316 181
316 332
316 336
316 405
316 482
316 487
317 52
317 165
317 383
317 440
317 449
317 494
318 1
318 55
318 82
318 123
318 176
318 180
318 186
318 187
318 308
318 321
318 361
318 459
319 21
319 248
319 260
319 283
319 427
319 507
320 52
320 417
321 1
321 187
321 308
321 318
322 86
322 107
322 167
322 374
322 380
322 431
322 438
322 446
322 500
323 324
323 425
324 323
324 425
325 10
325 75
325 76
325 85
325 121
325 389
325 399
325 468
325 469
326 10
326 21
326 44
326 49
326 58
326 62
326 80
326 136
326 139
326 156
326 159
326 165
326 177
326 187
326 201
326 261
326 275
326 285
326 287
326 290
326 349
326 378
326 382
326 391
326 403
326 421
326 479
326 483
326 504
327 185
328 370
329 11
329 143
329 247
329 251
329 346
329 368
329 373
329 385
329 419
329 424
331 103
331 111
331 355
331 389
331 399
331 405
331 456
331 468
332 50
332 316
333 207
333 444
334 219
336 10
336 52
336 62
336 73
336 78
336 87
336 134
336 140
336 148
336 165
336 209
336 258
336 306
336 307
336 316
336 360
336 372
336 374
336 399
336 461
336 504
337 8
337 41
337 69
337 78
337 158
337 165
337 187
337 203
337 227
337 267
337 268
337 275
337 351
337 411
337 454
339 60
339 71
339 128
339 177
339 227
339 361
339 384
339 403
339 479
339 508
340 237
340 480
341 10
341 17
341 20
341 128
341 140
341 148
341 158
341 160
341 178
341 180
341 188
341 207
341 249
341 250
341 257
341 258
341 261
341 287
341 295
341 353
341 363
341 378
341 379
341 389
341 401
341 409
341 430
341 440
341 457
341 462
341 479
341 483
342 21
342 62
342 144
342 145
342 363
342 416
342 456
342 457
343 290
343 440
344 44
344 67
344 69
344 156
344 187
344 242
344 307
344 377
344 411
345 179
346 128
346 159
346 263
346 329
346 403
347 211
347 283
348 355
349 21
349 86
349 115
349 137
349 274
349 326
349 378
349 380
349 446
349 502
350 11
350 424
350 473
351 69
351 158
351 183
351 249
351 337
351 496
352 23
352 45
352 64
352 205
352 423
353 15
353 17
353 341
353 418
353 440
353 479
354 42
354 56
354 79
354 94
354 131
354 147
354 235
354 238
354 424
355 10
355 24
355 27
355 63
355 105
355 109
355 166
355 167
355 224
355 246
355 249
355 270
355 289
355 294
355 301
355 331
355 348
355 385
355 394
355 399
355 406
355 414
355 417
355 441
355 445
355 449
355 468
355 487
355 494
356 162
356 180
358 302
358 378
359 5
359 187
359 197
359 273
359 407
359 478
360 209
360 336
360 372
361 29
361 60
361 99
361 318
361 339
361 504
362 27
362 78
362 123
362 209
362 429
362 449
362 494
363 21
363 24
363 177
363 261
363 287
363 290
363 341
363 342
363 378
363 416
363 462
363 479
364 152
364 180
364 252
364 300
364 312
364 314
365 22
365 76
365 224
365 425
365 450
365 471
366 430
366 431
366 438
367 199
367 278
367 397
367 399
368 42
368 143
368 329
368 424
369 127
369 128
369 403
369 442
370 2
370 92
370 150
370 328
370 371
370 438
370 453
370 461
370 463
370 476
370 481
370 492
371 90
371 102
371 169
371 258
371 277
371 370
372 148
372 154
372 209
372 306
372 336
372 360
372 498
373 329
374 62
374 63
374 307
374 322
374 336
374 377
374 450
374 461
374 504
376 487
377 63
377 187
377 197
377 242
377 307
377 315
377 344
377 374
377 411
377 504
378 6
378 10
378 21
378 54
378 58
378 80
378 86
378 115
378 140
378 148
378 164
378 165
378 173
378 177
378 180
378 187
378 245
378 254
378 257
378 258
378 261
378 274
378 275
378 290
378 301
378 326
378 341
378 349
378 358
378 363
378 401
378 403
378 416
378 430
378 440
378 462
378 469
378 474
378 475
378 479
378 500
378 502
379 13
379 68
379 95
379 96
379 116
379 133
379 243
379 341
379 467
380 49
380 86
380 201
380 216
380 322
380 349
380 432
380 446
382 44
382 201
382 216
382 326
383 66
383 106
383 148
383 165
383 178
383 180
383 210
383 249
383 283
383 317
383 431
383 438
383 440
383 449
383 485
384 44
384 58
384 69
384 71
384 128
384 164
384 177
384 195
384 227
384 247
384 339
384 403
384 410
384 479
385 11
385 18
385 84
385 109
385 147
385 148
385 163
385 329
385 355
385 405
385 423
385 449
386 306
386 466
387 269
387 421
388 10
388 128
388 148
388 177
388 400
388 459
388 462
389 10
389 24
389 34
389 53
389 121
389 140
389 142
389 148
389 165
389 188
389 278
389 325
389 331
389 341
389 399
389 405
389 449
389 462
389 466
389 468
389 471
389 479
390 122
391 106
391 261
391 326
391 501
392 18
392 419
392 435
392 487
394 10
394 78
394 140
394 165
394 249
394 283
394 287
394 355
394 438
394 457
394 459
394 470
394 475
396 57
396 405
396 467
396 471
396 472
397 278
397 367
397 399
398 44
399 24
399 105
399 122
399 179
399 199
399 246
399 258
399 278
399 287
399 294
399 301
399 325
399 331
399 336
399 355
399 367
399 389
399 397
399 400
399 430
399 438
399 445
399 456
399 462
400 177
400 245
400 258
400 388
400 399
400 415
400 462
401 1
401 37
401 44
401 120
401 129
401 173
401 176
401 180
401 185
401 186
401 216
401 312
401 341
401 378
401 402
401 408
401 432
401 440
402 176
402 308
402 401
402 440
403 44
403 58
403 71
403 128
403 164
403 177
403 178
403 227
403 228
403 254
403 261
403 275
403 326
403 339
403 346
403 369
403 378
403 384
403 410
403 426
403 430
403 438
403 442
403 479
403 498
404 200
405 76
405 95
405 179
405 192
405 246
405 316
405 331
405 385
405 389
405 396
405 425
405 461
405 471
406 355
407 221
407 233
407 359
407 413
407 423
408 37
408 142
408 185
408 206
408 312
408 401
409 6
409 17
409 158
409 249
409 250
409 341
410 69
410 110
410 128
410 187
410 282
410 384
410 403
411 8
411 69
411 72
411 80
411 187
411 236
411 267
411 284
411 297
411 337
411 344
411 377
411 454
411 470
411 501
413 23
413 221
413 407
414 27
414 39
414 52
414 117
414 119
414 167
414 176
414 270
414 298
414 355
414 449
414 460
414 494
415 21
415 245
415 400
415 462
416 21
416 148
416 180
416 257
416 287
416 342
416 363
416 378
416 459
416 498
417 167
417 320
417 355
417 457
418 353
419 11
419 329
419 392
419 423
420 143
420 308
420 449
420 455
420 486
420 489
421 4
421 28
421 38
421 47
421 152
421 180
421 257
421 290
421 292
421 296
421 312
421 326
421 387
421 437
421 440
422 97
423 11
423 352
423 385
423 407
423 419
424 11
424 77
424 329
424 350
424 354
424 368
425 179
425 289
425 323
425 324
425 365
425 405
425 445
425 471
426 71
426 128
426 227
426 275
426 403
427 260
427 319
427 507
428 443
429 1
429 123
429 126
429 165
429 287
429 362
429 449
430 21
430 44
430 46
430 55
430 106
430 128
430 148
430 165
430 178
430 180
430 254
430 258
430 287
430 290
430 341
430 366
430 378
430 399
430 403
430 438
430 440
430 462
431 21
431 62
431 107
431 140
431 322
431 366
431 383
432 36
432 86
432 216
432 307
432 380
432 401
432 479
433 79
434 119
435 392
436 303
437 421
438 12
438 21
438 55
438 58
438 105
438 106
438 128
438 137
438 139
438 140
438 142
438 145
438 148
438 165
438 180
438 185
438 262
438 283
438 285
438 287
438 308
438 322
438 366
438 370
438 383
438 394
438 399
438 403
438 430
438 446
438 449
438 461
438 462
438 476
438 490
438 500
438 509
440 6
440 10
440 21
440 44
440 58
440 78
440 128
440 134
440 160
440 165
440 229
440 249
440 258
440 265
440 287
440 290
440 295
440 317
440 341
440 343
440 353
440 378
440 383
440 401
440 402
440 421
440 430
440 449
440 462
440 469
440 475
440 490
440 498
440 502
440 504
441 167
441 355
442 46
442 71
442 127
442 128
442 187
442 369
442 403
443 428
444 207
444 333
445 179
445 355
445 399
445 425
445 471
446 86
446 322
446 349
446 380
446 438
447 302
447 478
448 156
449 2
449 15
449 27
449 44
449 76
449 139
449 163
449 165
449 212
449 213
449 241
449 256
449 287
449 317
449 355
449 362
449 383
449 385
449 389
449 414
449 420
449 429
449 438
449 440
449 450
449 461
450 1
450 189
450 240
450 247
450 365
450 374
450 449
451 502
452 82
452 123
452 459
453 145
453 180
453 370
453 456
453 476
454 8
454 69
454 123
454 158
454 187
454 195
454 203
454 282
454 297
454 337
454 411
455 143
455 233
455 266
455 420
455 486
455 489
456 29
456 51
456 331
456 342
456 399
456 453
456 476
456 499
457 10
457 21
457 180
457 265
457 287
457 341
457 342
457 394
457 417
458 118
458 235
458 476
459 10
459 82
459 99
459 123
459 140
459 233
459 249
459 305
459 308
459 318
459 388
459 394
459 416
459 452
459 479
459 504
460 298
460 414
460 461
461 98
461 293
461 336
461 370
461 374
461 405
461 438
461 449
461 460
461 476
461 504
462 6
462 10
462 21
462 24
462 44
462 75
462 78
462 80
462 165
462 177
462 180
462 245
462 254
462 258
462 290
462 312
462 341
462 363
462 378
462 388
462 389
462 399
462 400
462 415
462 430
462 438
462 440
462 475
462 479
463 150
463 192
463 370
463 476
463 492
463 493
465 28
465 38
466 165
466 201
466 306
466 386
466 389
467 96
467 116
467 237
467 379
467 396
467 472
468 24
468 100
468 105
468 182
468 209
468 224
468 294
468 325
468 331
468 355
468 389
469 10
469 78
469 134
469 254
469 261
469 265
469 287
469 325
469 378
469 440
469 502
470 4
470 8
470 10
470 44
470 46
470 80
470 110
470 156
470 187
470 214
470 249
470 297
470 307
470 394
470 411
471 53
471 179
471 365
471 389
471 396
471 405
471 425
471 445
472 57
472 396
472 467
473 257
473 300
473 308
473 350
473 492
474 61
474 378
474 498
475 10
475 78
475 80
475 134
475 148
475 177
475 187
475 216
475 245
475 261
475 287
475 378
475 394
475 440
475 462
475 479
475 498
475 502
476 104
476 172
476 181
476 262
476 308
476 370
476 438
476 453
476 456
476 458
476 461
476 463
478 55
478 187
478 359
478 447
479 5
479 10
479 36
479 46
479 78
479 82
479 123
479 128
479 136
479 148
479 151
479 156
479 177
479 178
479 180
479 187
479 201
479 203
479 216
479 227
479 245
479 261
479 264
479 275
479 326
479 339
479 341
479 353
479 363
479 378
479 384
479 389
479 403
479 432
479 459
479 462
479 475
479 483
479 498
480 78
480 165
480 302
480 340
480 505
481 127
481 370
482 9
482 109
482 166
482 316
483 326
483 341
483 479
484 235
484 503
485 62
485 78
485 98
485 165
485 247
485 383
485 500
486 420
486 455
486 489
487 27
487 167
487 288
487 316
487 355
487 376
487 392
488 151
489 143
489 420
489 455
489 486
490 287
490 438
490 440
491 60
492 90
492 182
492 295
492 370
492 463
492 473
493 463
494 27
494 52
494 317
494 355
494 362
494 414
495 8
495 271
495 282
495 284
495 498
496 183
496 197
496 227
496 351
497 38
498 5
498 10
498 44
498 71
498 97
498 136
498 148
498 164
498 177
498 227
498 249
498 261
498 267
498 268
498 275
498 372
498 403
498 416
498 440
498 474
498 475
498 479
498 495
498 507
499 29
499 50
499 51
499 456
500 21
500 78
500 137
500 140
500 165
500 185
500 322
500 378
500 438
500 485
501 69
501 391
501 411
502 10
502 44
502 78
502 86
502 115
502 134
502 165
502 201
502 245
502 261
502 287
502 349
502 378
502 440
502 451
502 469
502 475
503 235
503 484
504 10
504 44
504 62
504 63
504 69
504 82
504 86
504 99
504 187
504 214
504 229
504 265
504 307
504 315
504 326
504 336
504 361
504 374
504 377
504 440
504 459
504 461
505 78
505 165
505 480
507 260
507 319
507 427
507 498
508 177
508 339
509 438
511 157